0.01870998496232668
0.016483827727828256
0.014654393320306587
0.013123430611003805
0.0118336448384124
0.010738224498349623
0.00980373300158513
0.008999593656876324
0.008304177314913312
0.007702131480385416
0.007175692570023554
0.006711580813134649
0.006299316667197498
0.005930382558830956
0.0055978943113005756
0.005296291505053001
0.005250562156296639
0.005222126679742491
0.005194005614651597
0.005166167737452871
0.005138597959567239
0.00511128686888793
0.005084227499996039
0.00505741412102618
0.005030841726683178
0.005004505800441429
0.00497840218758295
0.004952527018336001
0.004926876656228134
0.004901447660619828
0.004876236758070488
